-0 0 0 1 5 5 1
-0 0 10 1 5 5 1
-5 0 0 1 5 5 1
-5 0 10 1 5 5 1
-10 0 0 1 5 5 0
-10 0 5 1 5 5 0
96 0 50 1 5 6 1
96 0 40 1 5 6 1
102 0 50 1 5 6 1
102 0 40 1 5 6 1
102 0 40 1 5 6 0
102 0 45 1 5 6 0
1 0 0 1 5 1 1
7 0 0 1 5 1 1
6 0 0 1 5 5 1
13 0 0 1 5 1 1
12 0 0 1 5 5 1
19 0 0 1 5 1 1
18 0 0 1 5 5 1
18 0 0 1 5 5 0
25 0 0 1 5 1 1
24 0 0 1 5 5 1
31 0 0 1 5 1 1
30 0 0 1 5 5 1
37 0 0 1 5 1 1
36 0 0 1 5 5 1
36 0 0 1 5 5 0
43 0 0 1 5 1 1
42 0 0 1 5 5 1
49 0 0 1 5 1 1
48 0 0 1 5 5 1
55 0 0 1 5 1 1
54 0 0 1 5 5 1
54 0 0 1 5 5 0
61 0 0 1 5 1 1
60 0 0 1 5 5 1
67 0 0 1 5 1 1
66 0 0 1 5 5 1
73 0 0 1 5 1 1
72 0 0 1 5 5 1
72 0 0 1 5 5 0
79 0 0 1 5 1 1
78 0 0 1 5 5 1
85 0 0 1 5 1 1
84 0 0 1 5 5 1
91 0 0 1 5 1 1
90 0 0 1 5 5 1
90 0 0 1 5 5 0
1 0 5 1 5 1 1
7 0 5 1 5 1 1
6 0 5 1 5 5 0
0 0 5 1 5 5 0
13 0 5 1 5 1 1
12 0 5 1 5 5 1
19 0 5 1 5 1 1
25 0 5 1 5 1 1
24 0 5 1 5 5 0
31 0 5 1 5 1 1
30 0 5 1 5 5 0
37 0 5 1 5 1 1
36 0 5 1 5 5 0
43 0 5 1 5 1 1
42 0 5 1 5 5 0
49 0 5 1 5 1 1
48 0 5 1 5 5 1
55 0 5 1 5 1 1
61 0 5 1 5 1 1
60 0 5 1 5 5 0
67 0 5 1 5 1 1
66 0 5 1 5 5 1
66 0 5 1 5 5 0
73 0 5 1 5 1 1
72 0 5 1 5 5 0
79 0 5 1 5 1 1
78 0 5 1 5 5 0
85 0 5 1 5 1 1
84 0 5 1 5 5 1
91 0 5 1 5 1 1
90 0 5 1 5 5 1
90 0 5 1 5 5 0
1 0 10 1 5 1 1
7 0 10 1 5 1 1
6 0 10 1 5 5 0
0 0 10 1 5 5 0
13 0 10 1 5 1 1
12 0 10 1 5 5 1
19 0 10 1 5 1 1
18 0 10 1 5 5 1
25 0 10 1 5 1 1
24 0 10 1 5 5 0
31 0 10 1 5 1 1
37 0 10 1 5 1 1
36 0 10 1 5 5 1
36 0 10 1 5 5 0
43 0 10 1 5 1 1
42 0 10 1 5 5 0
49 0 10 1 5 1 1
55 0 10 1 5 1 1
54 0 10 1 5 5 1
61 0 10 1 5 1 1
60 0 10 1 5 5 1
60 0 10 1 5 5 0
67 0 10 1 5 1 1
73 0 10 1 5 1 1
72 0 10 1 5 5 0
79 0 10 1 5 1 1
85 0 10 1 5 1 1
84 0 10 1 5 5 0
91 0 10 1 5 1 1
90 0 10 1 5 5 0
1 0 15 1 5 1 1
7 0 15 1 5 1 1
6 0 15 1 5 5 0
0 0 15 1 5 5 0
13 0 15 1 5 1 1
19 0 15 1 5 1 1
18 0 15 1 5 5 1
18 0 15 1 5 5 0
25 0 15 1 5 1 1
24 0 15 1 5 5 1
31 0 15 1 5 1 1
30 0 15 1 5 5 1
30 0 15 1 5 5 0
37 0 15 1 5 1 1
36 0 15 1 5 5 0
43 0 15 1 5 1 1
49 0 15 1 5 1 1
48 0 15 1 5 5 1
48 0 15 1 5 5 0
55 0 15 1 5 1 1
54 0 15 1 5 5 0
61 0 15 1 5 1 1
67 0 15 1 5 1 1
66 0 15 1 5 5 1
66 0 15 1 5 5 0
73 0 15 1 5 1 1
72 0 15 1 5 5 1
79 0 15 1 5 1 1
78 0 15 1 5 5 1
85 0 15 1 5 1 1
84 0 15 1 5 5 1
84 0 15 1 5 5 0
91 0 15 1 5 1 1
90 0 15 1 5 5 0
1 0 20 1 5 1 1
7 0 20 1 5 1 1
6 0 20 1 5 5 0
0 0 20 1 5 5 0
13 0 20 1 5 1 1
12 0 20 1 5 5 1
19 0 20 1 5 1 1
18 0 20 1 5 5 1
25 0 20 1 5 1 1
24 0 20 1 5 5 0
31 0 20 1 5 1 1
30 0 20 1 5 5 0
37 0 20 1 5 1 1
36 0 20 1 5 5 0
43 0 20 1 5 1 1
42 0 20 1 5 5 1
49 0 20 1 5 1 1
48 0 20 1 5 5 1
48 0 20 1 5 5 0
55 0 20 1 5 1 1
61 0 20 1 5 1 1
60 0 20 1 5 5 1
67 0 20 1 5 1 1
66 0 20 1 5 5 1
73 0 20 1 5 1 1
72 0 20 1 5 5 0
79 0 20 1 5 1 1
85 0 20 1 5 1 1
84 0 20 1 5 5 1
84 0 20 1 5 5 0
91 0 20 1 5 1 1
90 0 20 1 5 5 0
1 0 25 1 5 1 1
7 0 25 1 5 1 1
6 0 25 1 5 5 0
0 0 25 1 5 5 0
13 0 25 1 5 1 1
19 0 25 1 5 1 1
18 0 25 1 5 5 1
18 0 25 1 5 5 0
25 0 25 1 5 1 1
24 0 25 1 5 5 1
24 0 25 1 5 5 0
31 0 25 1 5 1 1
30 0 25 1 5 5 0
37 0 25 1 5 1 1
36 0 25 1 5 5 0
43 0 25 1 5 1 1
42 0 25 1 5 5 0
49 0 25 1 5 1 1
55 0 25 1 5 1 1
54 0 25 1 5 5 1
61 0 25 1 5 1 1
60 0 25 1 5 5 0
67 0 25 1 5 1 1
73 0 25 1 5 1 1
72 0 25 1 5 5 1
79 0 25 1 5 1 1
78 0 25 1 5 5 1
78 0 25 1 5 5 0
85 0 25 1 5 1 1
91 0 25 1 5 1 1
90 0 25 1 5 5 0
1 0 30 1 5 1 1
7 0 30 1 5 1 1
6 0 30 1 5 5 0
0 0 30 1 5 5 0
13 0 30 1 5 1 1
12 0 30 1 5 5 1
19 0 30 1 5 1 1
18 0 30 1 5 5 0
25 0 30 1 5 1 1
31 0 30 1 5 1 1
30 0 30 1 5 5 0
37 0 30 1 5 1 1
36 0 30 1 5 5 0
43 0 30 1 5 1 1
42 0 30 1 5 5 0
49 0 30 1 5 1 1
48 0 30 1 5 5 1
55 0 30 1 5 1 1
54 0 30 1 5 5 1
61 0 30 1 5 1 1
60 0 30 1 5 5 1
60 0 30 1 5 5 0
67 0 30 1 5 1 1
66 0 30 1 5 5 1
73 0 30 1 5 1 1
72 0 30 1 5 5 1
72 0 30 1 5 5 0
79 0 30 1 5 1 1
85 0 30 1 5 1 1
84 0 30 1 5 5 1
84 0 30 1 5 5 0
91 0 30 1 5 1 1
90 0 30 1 5 5 0
1 0 35 1 5 1 1
7 0 35 1 5 1 1
6 0 35 1 5 5 0
0 0 35 1 5 5 0
13 0 35 1 5 1 1
19 0 35 1 5 1 1
18 0 35 1 5 5 1
25 0 35 1 5 1 1
24 0 35 1 5 5 1
24 0 35 1 5 5 0
31 0 35 1 5 1 1
30 0 35 1 5 5 1
37 0 35 1 5 1 1
36 0 35 1 5 5 0
43 0 35 1 5 1 1
49 0 35 1 5 1 1
48 0 35 1 5 5 0
55 0 35 1 5 1 1
54 0 35 1 5 5 1
61 0 35 1 5 1 1
60 0 35 1 5 5 0
67 0 35 1 5 1 1
66 0 35 1 5 5 1
73 0 35 1 5 1 1
72 0 35 1 5 5 0
79 0 35 1 5 1 1
78 0 35 1 5 5 1
85 0 35 1 5 1 1
84 0 35 1 5 5 0
91 0 35 1 5 1 1
90 0 35 1 5 5 0
1 0 40 1 5 1 1
7 0 40 1 5 1 1
0 0 40 1 5 5 0
13 0 40 1 5 1 1
19 0 40 1 5 1 1
18 0 40 1 5 5 1
18 0 40 1 5 5 0
25 0 40 1 5 1 1
31 0 40 1 5 1 1
30 0 40 1 5 5 1
37 0 40 1 5 1 1
36 0 40 1 5 5 1
43 0 40 1 5 1 1
42 0 40 1 5 5 1
49 0 40 1 5 1 1
48 0 40 1 5 5 0
55 0 40 1 5 1 1
54 0 40 1 5 5 1
61 0 40 1 5 1 1
60 0 40 1 5 5 1
67 0 40 1 5 1 1
66 0 40 1 5 5 0
73 0 40 1 5 1 1
79 0 40 1 5 1 1
78 0 40 1 5 5 0
85 0 40 1 5 1 1
84 0 40 1 5 5 1
91 0 40 1 5 1 1
90 0 40 1 5 5 1
90 0 40 1 5 5 0
1 0 45 1 5 1 1
7 0 45 1 5 1 1
6 0 45 1 5 5 1
6 0 50 1 5 6 1
0 0 45 1 5 5 0
13 0 45 1 5 1 1
12 0 45 1 5 5 1
12 0 50 1 5 6 1
19 0 45 1 5 1 1
18 0 50 1 5 6 1
25 0 45 1 5 1 1
24 0 45 1 5 5 1
24 0 50 1 5 6 1
31 0 45 1 5 1 1
30 0 45 1 5 5 1
30 0 45 1 5 5 0
30 0 50 1 5 6 1
37 0 45 1 5 1 1
36 0 50 1 5 6 1
43 0 45 1 5 1 1
42 0 45 1 5 5 1
42 0 50 1 5 6 1
49 0 45 1 5 1 1
48 0 45 1 5 5 1
48 0 45 1 5 5 0
48 0 50 1 5 6 1
55 0 45 1 5 1 1
54 0 50 1 5 6 1
61 0 45 1 5 1 1
60 0 45 1 5 5 1
60 0 50 1 5 6 1
67 0 45 1 5 1 1
66 0 45 1 5 5 1
66 0 50 1 5 6 1
73 0 45 1 5 1 1
72 0 45 1 5 5 1
72 0 50 1 5 6 1
79 0 45 1 5 1 1
78 0 45 1 5 5 1
78 0 50 1 5 6 1
85 0 45 1 5 1 1
84 0 45 1 5 5 1
84 0 50 1 5 6 1
91 0 45 1 5 1 1
90 0 50 1 5 6 1
