-0 5 0 1 5 5 1
-0 5 10 1 5 5 1
-5 5 0 1 5 5 1
-5 5 10 1 5 5 1
-10 5 0 1 5 5 0
-10 5 5 1 5 5 0
126 5 100 1 5 6 1
126 5 90 1 5 5 1
132 5 100 1 5 6 1
131 5 90 1 5 5 1
131 5 95 1 5 5 0
131 5 90 1 5 5 0
6 5 0 1 5 6 1
12 5 0 1 5 6 1
18 5 0 1 5 6 1
24 5 0 1 5 6 1
30 5 0 1 5 6 1
36 5 0 1 5 6 1
36 5 0 1 5 5 0
42 5 0 1 5 6 1
48 5 0 1 5 6 1
54 5 0 1 5 6 1
60 5 0 1 5 6 1
66 5 0 1 5 6 1
72 5 0 1 5 6 1
78 5 0 1 5 6 1
84 5 0 1 5 6 1
90 5 0 1 5 6 1
96 5 0 1 5 6 1
96 5 0 1 5 5 0
102 5 0 1 5 6 1
108 5 0 1 5 6 1
114 5 0 1 5 6 1
114 5 0 1 5 5 0
120 5 0 1 5 6 1
120 5 0 1 5 5 0
0 5 5 1 5 5 0
12 5 5 1 5 6 1
12 5 5 1 5 5 0
18 5 5 1 5 6 1
24 5 5 1 5 6 1
24 5 5 1 5 5 0
30 5 5 1 5 6 1
36 5 5 1 5 5 0
48 5 5 1 5 6 1
54 5 5 1 5 6 1
54 5 5 1 5 5 0
60 5 5 1 5 6 1
66 5 5 1 5 6 1
72 5 5 1 5 6 1
78 5 5 1 5 5 0
84 5 5 1 5 6 1
90 5 5 1 5 6 1
96 5 5 1 5 5 0
102 5 5 1 5 6 1
108 5 5 1 5 5 0
120 5 5 1 5 5 0
6 5 10 1 5 6 1
0 5 10 1 5 5 0
12 5 10 1 5 5 0
18 5 10 1 5 5 0
24 5 10 1 5 5 0
36 5 10 1 5 6 1
42 5 10 1 5 6 1
48 5 10 1 5 6 1
54 5 10 1 5 6 1
60 5 10 1 5 5 0
66 5 10 1 5 6 1
72 5 10 1 5 6 1
72 5 10 1 5 5 0
78 5 10 1 5 6 1
78 5 10 1 5 5 0
84 5 10 1 5 5 0
90 5 10 1 5 6 1
96 5 10 1 5 6 1
96 5 10 1 5 5 0
102 5 10 1 5 5 0
108 5 10 1 5 6 1
114 5 10 1 5 6 1
114 5 10 1 5 5 0
120 5 10 1 5 6 1
120 5 10 1 5 5 0
6 5 15 1 5 6 1
0 5 15 1 5 5 0
12 5 15 1 5 6 1
18 5 15 1 5 5 0
24 5 15 1 5 5 0
30 5 15 1 5 6 1
36 5 15 1 5 6 1
36 5 15 1 5 5 0
42 5 15 1 5 6 1
48 5 15 1 5 5 0
54 5 15 1 5 6 1
60 5 15 1 5 6 1
66 5 15 1 5 5 0
72 5 15 1 5 5 0
78 5 15 1 5 5 0
84 5 15 1 5 5 0
90 5 15 1 5 5 0
96 5 15 1 5 5 0
102 5 15 1 5 5 0
108 5 15 1 5 5 0
114 5 15 1 5 5 0
120 5 15 1 5 5 0
0 5 20 1 5 5 0
12 5 20 1 5 6 1
12 5 20 1 5 5 0
18 5 20 1 5 6 1
18 5 20 1 5 5 0
30 5 20 1 5 6 1
30 5 20 1 5 5 0
42 5 20 1 5 5 0
48 5 20 1 5 6 1
48 5 20 1 5 5 0
54 5 20 1 5 6 1
60 5 20 1 5 6 1
66 5 20 1 5 5 0
72 5 20 1 5 5 0
90 5 20 1 5 6 1
102 5 20 1 5 5 0
108 5 20 1 5 5 0
120 5 20 1 5 5 0
6 5 25 1 5 6 1
0 5 25 1 5 5 0
12 5 25 1 5 5 0
24 5 25 1 5 6 1
24 5 25 1 5 5 0
36 5 25 1 5 6 1
36 5 25 1 5 5 0
42 5 25 1 5 6 1
54 5 25 1 5 5 0
60 5 25 1 5 5 0
66 5 25 1 5 6 1
72 5 25 1 5 5 0
78 5 25 1 5 6 1
84 5 25 1 5 6 1
84 5 25 1 5 5 0
96 5 25 1 5 6 1
102 5 25 1 5 6 1
102 5 25 1 5 5 0
108 5 25 1 5 5 0
114 5 25 1 5 6 1
120 5 25 1 5 5 0
6 5 30 1 5 5 0
0 5 30 1 5 5 0
12 5 30 1 5 6 1
12 5 30 1 5 5 0
18 5 30 1 5 5 0
24 5 30 1 5 6 1
30 5 30 1 5 6 1
30 5 30 1 5 5 0
36 5 30 1 5 5 0
42 5 30 1 5 5 0
48 5 30 1 5 6 1
54 5 30 1 5 6 1
60 5 30 1 5 6 1
72 5 30 1 5 6 1
78 5 30 1 5 5 0
84 5 30 1 5 5 0
90 5 30 1 5 6 1
96 5 30 1 5 6 1
96 5 30 1 5 5 0
108 5 30 1 5 5 0
120 5 30 1 5 6 1
120 5 30 1 5 5 0
6 5 35 1 5 5 0
0 5 35 1 5 5 0
18 5 35 1 5 5 0
24 5 35 1 5 5 0
30 5 35 1 5 5 0
42 5 35 1 5 5 0
48 5 35 1 5 5 0
54 5 35 1 5 5 0
60 5 35 1 5 6 1
66 5 35 1 5 6 1
72 5 35 1 5 6 1
72 5 35 1 5 5 0
78 5 35 1 5 5 0
84 5 35 1 5 6 1
90 5 35 1 5 5 0
102 5 35 1 5 6 1
108 5 35 1 5 6 1
114 5 35 1 5 6 1
120 5 35 1 5 5 0
6 5 40 1 5 5 0
0 5 40 1 5 5 0
12 5 40 1 5 5 0
18 5 40 1 5 5 0
30 5 40 1 5 6 1
36 5 40 1 5 6 1
42 5 40 1 5 6 1
42 5 40 1 5 5 0
54 5 40 1 5 6 1
60 5 40 1 5 5 0
66 5 40 1 5 6 1
72 5 40 1 5 5 0
84 5 40 1 5 5 0
96 5 40 1 5 6 1
102 5 40 1 5 6 1
108 5 40 1 5 6 1
108 5 40 1 5 5 0
114 5 40 1 5 6 1
120 5 40 1 5 6 1
120 5 40 1 5 5 0
6 5 45 1 5 5 0
0 5 45 1 5 5 0
12 5 45 1 5 5 0
18 5 45 1 5 6 1
24 5 45 1 5 6 1
30 5 45 1 5 6 1
36 5 45 1 5 6 1
36 5 45 1 5 5 0
48 5 45 1 5 6 1
48 5 45 1 5 5 0
54 5 45 1 5 6 1
60 5 45 1 5 6 1
66 5 45 1 5 5 0
72 5 45 1 5 6 1
72 5 45 1 5 5 0
78 5 45 1 5 6 1
84 5 45 1 5 6 1
90 5 45 1 5 6 1
96 5 45 1 5 6 1
102 5 45 1 5 5 0
108 5 45 1 5 5 0
114 5 45 1 5 5 0
120 5 45 1 5 5 0
6 5 50 1 5 5 0
0 5 50 1 5 5 0
18 5 50 1 5 5 0
24 5 50 1 5 6 1
30 5 50 1 5 6 1
30 5 50 1 5 5 0
36 5 50 1 5 5 0
42 5 50 1 5 6 1
48 5 50 1 5 5 0
54 5 50 1 5 5 0
60 5 50 1 5 6 1
66 5 50 1 5 6 1
66 5 50 1 5 5 0
78 5 50 1 5 5 0
84 5 50 1 5 6 1
90 5 50 1 5 6 1
96 5 50 1 5 6 1
96 5 50 1 5 5 0
108 5 50 1 5 6 1
108 5 50 1 5 5 0
114 5 50 1 5 5 0
120 5 50 1 5 5 0
6 5 55 1 5 5 0
0 5 55 1 5 5 0
12 5 55 1 5 6 1
18 5 55 1 5 6 1
24 5 55 1 5 5 0
30 5 55 1 5 5 0
36 5 55 1 5 5 0
48 5 55 1 5 6 1
48 5 55 1 5 5 0
54 5 55 1 5 5 0
60 5 55 1 5 5 0
72 5 55 1 5 6 1
72 5 55 1 5 5 0
78 5 55 1 5 6 1
84 5 55 1 5 6 1
90 5 55 1 5 5 0
96 5 55 1 5 5 0
102 5 55 1 5 6 1
114 5 55 1 5 6 1
120 5 55 1 5 5 0
0 5 60 1 5 5 0
18 5 60 1 5 6 1
18 5 60 1 5 5 0
24 5 60 1 5 5 0
36 5 60 1 5 5 0
42 5 60 1 5 6 1
48 5 60 1 5 5 0
54 5 60 1 5 5 0
66 5 60 1 5 6 1
66 5 60 1 5 5 0
78 5 60 1 5 6 1
84 5 60 1 5 6 1
84 5 60 1 5 5 0
90 5 60 1 5 5 0
96 5 60 1 5 5 0
102 5 60 1 5 6 1
108 5 60 1 5 6 1
108 5 60 1 5 5 0
114 5 60 1 5 6 1
120 5 60 1 5 5 0
6 5 65 1 5 5 0
0 5 65 1 5 5 0
12 5 65 1 5 6 1
18 5 65 1 5 5 0
30 5 65 1 5 6 1
30 5 65 1 5 5 0
36 5 65 1 5 6 1
42 5 65 1 5 5 0
48 5 65 1 5 6 1
54 5 65 1 5 5 0
60 5 65 1 5 6 1
60 5 65 1 5 5 0
66 5 65 1 5 5 0
72 5 65 1 5 6 1
78 5 65 1 5 6 1
78 5 65 1 5 5 0
84 5 65 1 5 5 0
90 5 65 1 5 5 0
102 5 65 1 5 5 0
108 5 65 1 5 5 0
114 5 65 1 5 5 0
120 5 65 1 5 6 1
120 5 65 1 5 5 0
0 5 70 1 5 5 0
12 5 70 1 5 6 1
12 5 70 1 5 5 0
18 5 70 1 5 6 1
24 5 70 1 5 6 1
30 5 70 1 5 6 1
36 5 70 1 5 5 0
42 5 70 1 5 6 1
48 5 70 1 5 6 1
48 5 70 1 5 5 0
60 5 70 1 5 5 0
66 5 70 1 5 5 0
72 5 70 1 5 6 1
78 5 70 1 5 5 0
90 5 70 1 5 6 1
96 5 70 1 5 6 1
102 5 70 1 5 6 1
108 5 70 1 5 5 0
114 5 70 1 5 5 0
120 5 70 1 5 5 0
6 5 75 1 5 6 1
0 5 75 1 5 5 0
12 5 75 1 5 5 0
24 5 75 1 5 6 1
24 5 75 1 5 5 0
30 5 75 1 5 6 1
36 5 75 1 5 5 0
42 5 75 1 5 5 0
48 5 75 1 5 5 0
54 5 75 1 5 6 1
60 5 75 1 5 6 1
60 5 75 1 5 5 0
66 5 75 1 5 5 0
72 5 75 1 5 5 0
84 5 75 1 5 6 1
84 5 75 1 5 5 0
90 5 75 1 5 6 1
96 5 75 1 5 6 1
102 5 75 1 5 5 0
108 5 75 1 5 6 1
114 5 75 1 5 5 0
120 5 75 1 5 5 0
6 5 80 1 5 6 1
0 5 80 1 5 5 0
12 5 80 1 5 5 0
18 5 80 1 5 6 1
24 5 80 1 5 5 0
36 5 80 1 5 6 1
36 5 80 1 5 5 0
48 5 80 1 5 6 1
54 5 80 1 5 5 0
66 5 80 1 5 5 0
78 5 80 1 5 6 1
78 5 80 1 5 5 0
84 5 80 1 5 5 0
96 5 80 1 5 6 1
102 5 80 1 5 6 1
102 5 80 1 5 5 0
114 5 80 1 5 6 1
120 5 80 1 5 5 0
6 5 85 1 5 5 0
0 5 85 1 5 5 0
12 5 85 1 5 6 1
18 5 85 1 5 5 0
24 5 85 1 5 6 1
30 5 85 1 5 6 1
36 5 85 1 5 5 0
42 5 85 1 5 5 0
48 5 85 1 5 5 0
54 5 85 1 5 6 1
60 5 85 1 5 6 1
66 5 85 1 5 6 1
66 5 85 1 5 5 0
72 5 85 1 5 6 1
78 5 85 1 5 5 0
90 5 85 1 5 6 1
90 5 85 1 5 5 0
96 5 85 1 5 6 1
102 5 85 1 5 6 1
108 5 85 1 5 6 1
114 5 85 1 5 5 0
120 5 85 1 5 6 1
120 5 85 1 5 5 0
6 5 90 1 5 5 0
0 5 90 1 5 5 0
12 5 90 1 5 5 0
18 5 90 1 5 6 1
18 5 90 1 5 5 0
30 5 90 1 5 6 1
30 5 90 1 5 5 0
36 5 90 1 5 6 1
42 5 90 1 5 6 1
48 5 90 1 5 5 0
60 5 90 1 5 6 1
60 5 90 1 5 5 0
72 5 90 1 5 5 0
78 5 90 1 5 6 1
84 5 90 1 5 6 1
84 5 90 1 5 5 0
96 5 90 1 5 6 1
96 5 90 1 5 5 0
108 5 90 1 5 6 1
108 5 90 1 5 5 0
120 5 90 1 5 5 0
6 5 100 1 5 6 1
0 5 95 1 5 5 0
12 5 95 1 5 5 0
12 5 100 1 5 6 1
18 5 100 1 5 6 1
24 5 95 1 5 6 1
24 5 100 1 5 6 1
30 5 95 1 5 5 0
30 5 100 1 5 6 1
36 5 100 1 5 6 1
42 5 95 1 5 6 1
42 5 95 1 5 5 0
42 5 100 1 5 6 1
48 5 100 1 5 6 1
54 5 95 1 5 6 1
54 5 100 1 5 6 1
60 5 100 1 5 6 1
66 5 95 1 5 6 1
66 5 100 1 5 6 1
72 5 95 1 5 6 1
72 5 100 1 5 6 1
78 5 95 1 5 5 0
78 5 100 1 5 6 1
84 5 100 1 5 6 1
90 5 95 1 5 6 1
90 5 95 1 5 5 0
90 5 100 1 5 6 1
96 5 100 1 5 6 1
102 5 95 1 5 6 1
102 5 100 1 5 6 1
108 5 95 1 5 5 0
108 5 100 1 5 6 1
114 5 95 1 5 6 1
114 5 100 1 5 6 1
120 5 100 1 5 6 1
